52121
68558
7352
15146
50133
45444
46968
6345
68555
73460
1156
32292
22642
3759
74449
37974
37460
31360
68469
73783
25703
35547
14079
66216
176
71236
74845
73453
63061
16420
66265
51007
25642
54664
6688
21312
45511
15631
39572
43
24969
39629
71931
4252
17098
52209
26852
55312
9137
63751
27093
35932
72324
59396
73764
55454
37353
54976
29968
21684
51778
45038
48638
12216
10663
48734
6890
46728
4879
48494
50363
66417
17791
32733
72062
9323
25269
72676
61836
68738
49623
11210
25221
72554
67362
75400
36532
34665
19148
35072
30552
12970
31551
47002
43782
19087
65102
4233
63993
12627
68495
33070
29513
39093
62855
17113
10624
65954
31551
17458
24409
21240
68508
23558
34560
6237
10472
21092
59631
69192
47729
69181
54970
56938
70758
16272
11777
40283
58957
47894
4073
52276
47315
53251
31011
1615
7518
10307
66115
55612
59467
59246
74823
12356
32340
54097
28876
10622
72303
6541
58318
30171
17358
30183
26345
64170
30659
63653
11391
24193
62381
52435
71685
75695
57158
45199
1462
52639
47241
12456
1932
63864
66393
10942
20475
73093
44296
33805
23011
40792
69216
55495
24092
57330
54799
58011
47259
20111
58136
36481
72763
64656
27237
40065
34360
70688
58976
69683
72209
43152
30490
48696
3125
74833
74619
37386
865
28014
69904
22428
72639
838
7516
62147
59256
63443
37778
66068
9590
19416
54145
6649
4742
54573
29511
43566
22220
60979
14206
20533
3018
270
23970
5292
45070
22811
23738
74291
75064
7994
52282
29411
45575
6196
60048
68281
58324
40531
57323
57191
26086
39703
39530
52174
63703
10385
7559
47508
691
12394
26682
38777
26525
5030
9391
75046
70556
11247
3804
7159
8208
22441
13510
29520
34738
16574
51323
16998
28778
33786
31896
25200
29602
59525
45683
44536
73641
2821
67814
55632
54512
59982
14815
1395
26961
34398
10662
14012
70580
30103
9728
40849
45617
24282
8394
68266
13065
4938
5252
57399
29013
12877
72982
32983
68979
29140
34903
39436
59873
22987
47731
34194
33141
23811
74443
27078
63568
19144
53149
18611
51115
17065
66511
22812
60213
16238
11545
64893
1515
59421
20199
49293
6906
11205
11200
46799
16439
74883
56715
48102
18800
2562
74475
27212
51023
59260
38244
67845
29332
13314
34773
55837
22424
28819
53273
18069
27104
33676
3463
43966
56544
36741
43662
57145
44283
49964
49563
42050
47793
54288
30647
55706
42574
10616
2199
6176
62593
47463
10155
28551
21563
53858
53308
44346
23588
2127
27687
67625
46275
36590
50857
47333
73871
55202
56368
53683
45511
70942
23449
41373
16454
71354
46477
27258
74086
63539
26529
30877
52698
31643
62989
64424
61372
15278
25170
12326
42312
29815
42233
66363
21250
60054
59676
21988
16666
65521
8809
23359
61352
2228
74672
31439
52815
18947
23489
57232
71745
16464
55077
67194
17783
59228
44110
25382
48750
18652
22811
21878
44611
26999
46830
64259
66167
51347
15811
63417
44574
28664
1229
57490
4352
65855
9835
45409
63035
51856
55412
61730
38214
12631
20521
49556
37512
43800
47193
52988
17204
29470
55644
25529
21732
19388
24755
23147
38266
20071
33574
44926
37002
5588
32796
36545
28928
22523
9324
47028
37960
34211
43243
2662
37808
56512
66453
64078
2694
27232
21870
14657
51149
43332
19737
50284
61207
6435
69725
38286
20929
22391
62717
52349
48381
18228
68278
50419
24342
63480
62117
37169
64145
30101
69102
49567
55861
39869
32818
68459
18282
67831
35712
42096
56401
14069
71876
42085
660
72615
16973
35566
16305
18361
46040
73370
66973
15657
17487
6619
48729
71670
34403
60346
57024
37857
62414
39219
70224
15134
48472
30845
39310
53900
271
44115
37302
7364
73530
14565
38369
39307
39668
23710
1297
55753
68181
5304
47571
72004
39214
55041
36829
58949
39282
58061
8885
32813
68282
27103
11294
9196
16955
6337
24043
6728
46547
35733
37342
28034
56062
40433
69624
36313
34285
45910
11971
66378
70995
26903
29249
37899
14870
66558
2458
43424
45216
73954
43138
51060
32925
54161
36688
57497
32176
69586
48943
61910
67413
14135
21292
64453
5366
15530
37637
33775
26126
55490
57738
1514
56617
29923
33323
15458
23810
61250
41004
53573
45648
14649
60055
36773
22364
51860
38656
61071
8751
34793
55975
75413
69463
25911
39800
5956
8933
26797
17381
36472
35094
34307
38874
50486
12510
3472
31319
74178
23888
67729
27788
69027
30865
29585
22974
73495
34218
63218
13273
7538
26593
63497
31003
28395
71465
20428
8895
32485
55236
59960
55626
60592
50322
7906
51929
44829
30928
35403
55831
66760
67405
60068
59722
53559
4954
14096
55054
25834
72731
34644
18398
51155
609
26989
1558
59080
6355
67949
56324
40599
30160
19654
18111
38444
51591
68827
52576
41187
19561
10965
52718
30102
73068
37873
15878
33670
25197
24559
39852
53669
75647
32414
19815
70567
25054
67482
66746
18943
23950
63573
25619
42183
69238
61033
34547
66716
4286
61952
33340
2164
20804
2823
47162
4592
67344
35192
61373
44380
9288
54321
5491
12645
63195
11083
54650
20163
13771
11067
50128
63825
41118
12631
52119
70780
58382
48716
27153
12615
1267
58827
74119
68624
383
41087
40014
7653
11656
44448
24022
60331
37160
35615
62890
51889
16227
66007
43491
28186
75719
2639
58269
28049
52537
27565
21098
16818
34973
38133
65127
47318
1153
84
9043
1893
2914
37718
30766
42329
4835
6115
63607
38339
70990
941
41339
4772
20413
6112
4849
4532
6794
66362
53299
8137
73056
43108
4870
66408
7989
51781
15003
44975
4086
59540
55435
70546
56969
42297
70945
23946
17311
67843
56334
2882
68633
19871
28856
54981
48957
35318
37972
67396
14914
19506
61629
5061
5550
34680
59203
49826
24243
58330
526
38945
52845
74895
65694
49637
12046
20720
24606
30582
10503
5849
53764
6735
52025
66161
60190
72808
52894
38902
9779
71628
48949
37059
60928
38850
55554
75699
39669
26068
71993
38422
16011
56270
31114
31860
18868
46324
1184
67903
12436
3835
48730
32038
71941
23340
9595
67953
33013
40438
16568
73610
58316
63514
38273
3971
65682
34798
59853
44871
73837
14840
43279
1930
17625
58174
25301
40393
64779
33977
61299
68235
56200
31506
24658
8095
638
41506
67619
41489
53961
42813
34664
828
57873
2391
45755
36814
70382
52923
35699
55452
9881
46320
62731
59580
34335
57259
72911
36287
66324
1220
20377
22840
17196
49181
21675
41948
28831
246
32122
24794
43498
18242
24453
3131
24786
34695
64820
34417
49894
56121
33252
29833
24983
422
214
41190
64694
12980
57495
72109
58074
70322
45442
3252
75573
35759
11475
39469
22605
14689
71734
70359
43922
54149
40063
11464
30530
15400
52205
2423
56302
47284
37665
30870
679
36342
29655
37209
55223
31991
30984
24402
43142
46467
66860
60597
27767
75341
29875
69639
16818
32030
66665
21362
43691
8928
70543
55170
8608
60048
40873
5595
53966
32105
33951
578
5060
20506
25929
24337
7764
23102
15951
13252
21193
42920
64950
42580
73339
21793
21990
9347
54431
34081
47787
20317
71675
4327
1385
43142
32262
38875
28822
66447
7425
62423
67390
36127
1435
26900
70225
2800
60905
25207
43157
32187
7710
74343
8834
43800
2454
63835
59636
12561
18143
8209
3973
48561
8567
72764
20382
26634
61001
24623
233
47790
8900
41658
44257
62022
2358
21020
13385
3626
18706
67253
52267
8731
25619
17823
75089
22369
39606
25899
70003
9204
65590
6144
4559
52303
7227
70157
43460
18747
62143
21602
22196
17578
2928
56903
34125
583
6910
48255
64628
28631
7963
20870
8512
61573
224
21232
10424
63718
40201
10512
52224
13076
62777
23675
60632
71005
14380
1752
19012
50064
53947
66726
57930
74861
11640
61842
15040
28962
66906
4412
20010
61607
45709
40344
22248
17679
35477
34201
22809
70966
66363
46365
4586
22784
17086
49471
49287
30587
69398
15292
18543
18526
50171
56949
334
13471
65130
31036
3442
75315
45876
57054
36924
16463
42340
11092
70684
62206
37858
44129
26380
14846
20907
51968
69672
58634
71986
4396
40872
68238
56131
6141
49705
65321
60302
681
26923
9634
26719
28803
32670
8526
69506
49125
15731
48003
74749
37669
68176
22183
65039
72498
16845
53328
23698
27046
1242
54847
64380
12645
29211
58677
37240
73272
53222
25071
19180
67461
19644
60296
63287
19208
21275
72879
33580
62415
24166
16561
10697
57148
74019
50691
24372
45909
45788
10802
51065
49584
37776
67630
29469
53989
38193
56801
3142
7641
39849
32155
45384
55523
49910
54147
23021
43893
69203
46530
5969
33302
59242
17041
29676
21356
14654
17296
50150
23217
57630
6738
28804
58397
51517
66528
1901
62997
4937
59430
1787
21015
72997
6735
7776
16653
22599
26094
34700
66397
13253
36654
31472
33624
14795
73382
47790
68326
4524
38010
29814
61394
52909
45105
43098
21845
18325
62678
19192
12167
68916
34567
28883
57564
56974
41221
13448
16234
62184
73591
58782
15246
37939
60434
21864
3927
73978
32819
72724
22534
12912
32116
13681
34237
58562
43544
62464
31251
74104
23465
18825
10894
30107
24771
65771
63512
46895
25992
23603
69740
49277
56201
73379
924
66460
24659
51240
21857
25174
38163
26248
34708
62116
24458
2880
27899
46141
33050
401
32652
27131
56801
61425
40702
14236
5014
43317
72370
18178
59882
16536
2076
69688
28790
61411
49993
339
6283
64566
32679
61814
47944
45269
35278
21560
21973
36294
48455
67829
39930
16741
65660
8279
46658
16222
58312
53762
10280
70489
38006
1975
25910
15000
7138
17908
31446
25942
30072
64078
71592
32797
1115
38372
42678
32129
42011
42928
31654
52959
45436
19524
14614
17514
45242
43241
48397
48786
24570
58431
58701
52284
32571
55195
50150
48215
18462
27062
44693
55809
66001
14795
68949
25086
63919
4166
75184
24476
42192
23810
26205
11411
9231
16899
64589
64326
56926
53311
27910
64693
72211
31391
72777
62926
52182
73342
53665
31292
21507
38602
10550
29596
71285
43451
17553
36351
52492
12177
32337
35598
44706
28900
66409
72745
17954
52175
2042
7430
20832
67149
8036
72420
63320
25776
21857
17
61309
14460
42720
68214
19273
49828
18166
1566
73567
32689
595
64132
28850
856
21713
61803
31480
17898
45442
27393
70487
17445
42023
11275
29118
61181
34589
2156
22302
8112
16511
10211
4247
17358
14641
67158
1177
56636
194
62448
67040
22632
63761
50998
33052
5692
29334
39707
48451
67418
52698
5991
23149
13708
66006
51912
65268
52733
6655
44566
12882
54017
19717
8188
53028
6290
68913
3680
32179
56134
61580
6004
28554
18114
74925
47622
8012
51844
58564
25025
50012
33084
48962
68611
41956
46656
28016
44051
18608
71681
70433
64221
32948
38623
32838
72063
21054
17057
74245
44272
65426
64046
58437
16089
2074
64106
65361
61162
32568
51787
16253
12813
24298
17702
61373
45304
20740
46205
8842
72988
51810
43562
53781
43899
58331
49835
8629
60725
63700
2614
11962
25005
13752
16773
6283
6610
27063
13325
30196
16190
72681
33031
63496
10676
9473
36473
62355
18238
11396
73264
61205
54350
69549
29763
18980
29514
73043
34211
67744
21892
13012
6027
44332
38073
22715
732
40536
35090
45768
69001
39387
59209
60063
11114
12213
27644
65095
68395
34098
55307
65289
69351
32254
69106
39353
17828
9082
10943
62620
7590
72847
29325
41101
43430
70445
70259
23978
16155
36572
12944
22555
73609
39637
43721
33177
37884
72918
61411
58362
70734
47360
75337
58065
44703
58865
74024
49041
42038
48245
40041
30682
57238
59156
72225
9984
60781
1860
16573
18949
50985
22431
32525
65355
5425
70305
21018
66439
27467
41179
69576
31135
47325
64010
17124
2329
66355
66526
51037
29089
15863
15276
22030
37120
13497
64382
44019
4844
75232
23809
37937
75591
35561
41458
8331
14367
31789
74468
38192
2435
64666
6519
14386
58218
60473
26307
52307
53671
63791
61824
59283
9566
21143
13230
53651
17310
25335
9832
58458
49128
21903
11206
47236
13198
26221
69800
8029
34370
26288
73634
11142
38489
31382
35493
17716
47776
53782
45054
44132
53775
53693
38347
19915
9940
67460
46301
69675
72353
37598
53329
16128
7732
1195
22406
55423
25523
37112
29321
171
35200
72890
10443
9959
4043
30790
50448
40168
64112
73420
71907
67592
61844
74036
9550
63194
57126
41510
34133
18602
46437
28785
60125
55630
15656
22531
47712
31856
37426
68183
11726
41865
65976
7766
125
43633
40108
48618
25698
1547
62975
73630
52238
13774
53432
67396
9370
58297
26082
72591
1346
27984
46211
41554
53263
23295
14432
65032
31359
72428
47479
69166
70415
4
25577
48225
3758
19856
74580
69410
2176
22272
71484
65082
26937
6163
19740
21858
16606
70973
3186
38463
33330
4142
57964
24419
57312
10394
14370
2865
61511
73389
24714
19343
27048
4813
14980
20313
5823
38942
25961
17930
47916
63131
59611
51940
67650
7843
68771
50043
33026
60264
9447
33176
29153
28952
46934
72234
17605
74074
38326
21881
75707
32926
16430
54204
69948
44909
30747
42083
58048
47338
37690
46512
14933
69758
39931
18492
51299
5691
39216
14852
62606
29527
71320
1183
54484
34112
26588
40750
51916
381
55339
34813
21865
30876
52619
6509
36140
61556
16734
36208
43698
38415
33673
14348
42570
44984
23682
20089
68919
12855
14330
19482
52569
62767
60296
69149
27875
32879
50285
4070
30314
8532
32157
40428
22673
74035
40113
73641
28945
13428
65636
13622
73056
61803
9887
7182
41143
3440
2444
33119
40893
24141
72659
10855
20841
32519
50186
58607
11437
41180
10500
59941
43389
50295
9780
33874
31795
71571
37480
50798
13886
53151
17670
46394
14289
36781
33462
66551
30572
32480
72555
625
37595
43050
27381
64966
40980
19557
17242
20260
64998
37768
56272
3400
11180
51600
37195
45308
6378
63873
42850
22290
68852
5407
65248
72411
37791
73994
31593
22998
9073
49077
72610
34936
59841
65177
48325
54891
2760
18089
8799
71321
41847
59618
9614
949
10999
45805
21073
56941
67372
6742
47187
60308
60731
23855
71239
55900
9006
8233
69181
55663
50760
51541
75179
26426
34658
17127
2955
42014
25249
35076
4827
14535
72391
69807
40629
59631
64070
64643
50441
5679
33621
47991
67781
55317
29495
42154
29441
4860
56990
7612
22258
56853
16751
60760
41634
71699
811
59326
44838
59833
46840
26766
31275
67821
74589
11326
56828
67607
1275
59283
26740
63889
52867
11456
58735
27025
65699
8288
9712
19735
50118
58073
17807
27779
57585
68100
20745
13609
32535
68253
37431
29006
45355
72485
42410
64374
38414
60613
16988
67221
177
58023
50008
22208
65283
10476
10982
70145
28691
58687
35307
60945
1194
5772
13874
37318
7906
68380
54803
9946
44053
42839
72344
40697
11896
16335
41813
71920
46985
66671
23479
40613
43629
66035
63703
49974
57492
27562
38428
21230
39279
12769
56500
34191
14262
19114
60087
34981
65362
19567
39352
60145
51959
52450
4797
33473
74479
61290
48075
1441
58032
13359
2934
45394
32641
12586
10749
12239
58806
29704
38443
28258
46306
6715
3881
45607
68217
33413
65079
46032
47597
3864
37115
55381
33562
61052
18530
2093
5303
73596
7612
69055
33250
25771
52773
3792
38389
248
14927
68272
11276
63120
56692
974
27168
40944
74990
16081
23285
14160
55298
51526
67831
13630
19355
1792
33511
56420
20350
67906
56696
68197
1555
4787
59997
10974
21455
31628
25371
42041
10934
42811
196
68491
58473
23182
35780
24737
61679
50187
74015
35926
69648
19680
47730
23608
51854
26382
71334
10013
30678
20373
18360
5619
37091
2043
43534
35060
51944
416
22005
7911
56435
11077
46172
37787
36316
53638
41981
21648
27353
63774
33561
12247
58247
71661
19229
1222
3546
8314
4080
45631
65059
35837
54824
74962
15534
11550
53682
49133
736
11592
70914
14267
36302
72718
73490
23741
43123
6748
8794
74186
73747
65776
21990
1924
58501
2323
67265
39178
46104
73691
65398
51201
25001
8970
31016
17274
13822
73997
5892
48114
66097
59182
10015
75333
39978
74150
44064
14314
61230
72179
22611
14251
33209
6399
9181
58244
36960
1156
67286
46348
25257
30146
75446
26531
65033
61680
2027
46627
49359
66980
66355
23056
9559
52068
36839
32747
67787
72974
67616
44365
52246
41599
75634
49841
54826
36214
32439
41969
71052
8348
2567
38764
22755
44480
8809
51794
41603
23839
59074
74050
28108
8581
14870
10006
7144
71441
65214
32239
57869
56496
18899
32133
38978
8770
56758
15091
59942
38045
41814
13318
41897
45253
59044
39599
32849
48811
23111
23167
8909
41529
61995
32058
74895
44324
71899
59880
20913
74910
45476
62592
66278
23706
21299
56321
63228
6766
2338
27739
36052
68484
23806
4096
55898
71465
2806
29745
54989
52075
26382
73675
47420
3704
74309
56078
42273
68808
54976
43620
18543
38979
28895
12348
25944
57465
24225
4969
62421
2776
54122
16443
70649
74331
60048
47942
64853
20284
33605
54165
56070
70129
62182
7548
58857
60798
23183
27673
68150
65633
37918
15927
5218
22918
38621
62395
6009
27111
60379
9385
34063
40608
47157
35680
47410
75367
15761
9204
34482
69752
19958
73210
72921
34011
10293
63723
60168
36029
64209
57402
37033
41929
67695
58576
72791
70481
52463
41096
24069
49585
12574
7978
21908
72549
22236
67693
45879
62441
56660
2884
53021
46915
59163
17823
18954
57903
6738
10455
51265
311
36349
43529
64086
27663
24726
18742
50695
50253
32764
39843
45958
15515
75185
47428
3612
64113
48473
37930
44451
62142
22154
23240
19183
5283
24416
3575
74645
26395
13986
10641
12546
24847
52885
20297
47470
1799
26518
23193
46630
25612
28341
66947
38081
38421
52631
26776
49627
48477
933
362
39384
51187
27173
36742
52532
42856
31897
33035
6627
23717
37075
23177
71535
35596
66198
5342
20501
74892
58413
1825
16428
5636
33711
65813
41261
8174
34010
26781
39239
33570
43900
45427
66240
39132
45065
38037
62925
3668
52163
44067
32241
13325
40889
51322
51573
5142
29484
44827
9164
19849
45684
74325
34645
46043
46496
40052
56097
70149
74647
39233
18429
18939
62818
10366
6644
50790
5178
30224
26438
55983
5915
35952
74580
63100
33959
69951
67870
45941
50241
40498
28224
44549
23314
16484
46041
47777
67080
74337
23486
72379
61456
56021
13046
52307
49433
57783
5604
19427
2939
38744
47348
36242
4403
46652
22294
75373
73777
2683
13063
1729
51358
14694
7555
38930
19749
73069
54835
57748
59236
2211
3182
51038
45004
31095
41501
29290
29956
12671
13618
2476
36887
22587
74544
59117
56600
42233
38126
41855
64273
74077
41949
3353
2168
69939
72176
42702
68145
48660
9923
62168
15630
53738
32479
3852
46974
59835
29579
74099
66003
48078
55750
25725
29210
17679
2759
73705
17896
10801
863
66616
29079
66513
49179
10824
9791
31073
833
36341
28075
33686
28728
18605
7067
9324
17598
22321
9585
56148
54122
55139
28277
40330
41283
61529
21700
33957
60118
8228
23457
42165
2171
40248
44570
18145
45621
28021
49780
13259
71314
9278
37650
42489
56971
46021
67255
39607
69957
49719
4274
20767
47595
41608
3637
15771
17377
38083
50761
16247
36302
55476
49295
57891
5171
3977
1618
40881
6653
31202
59411
53239
8188
19092
68866
42413
38658
13068
41373
32695
27925
56526
29847
56109
26494
10196
69185
49067
28679
30498
21403
36883
57871
75006
70419
570
8751
3158
24881
69463
37357
12288
16978
12776
35585
2143
61790
40142
26716
56905
60088
65343
9516
32928
24720
63485
8564
42145
34925
28794
52704
28871
63475
69272
32141
72975
7196
7493
40729
56074
34209
53093
14828
55411
50211
56724
6362
39540
75212
58188
73011
65696
39439
13495
57398
20878
26654
12553
2607
52404
1841
7649
27428
33473
63552
44565
5770
23706
7324
55318
70198
50012
45080
72588
63529
25287
74075
2163
63010
3907
4864
21142
29574
67138
15553
52836
38745
66441
35334
74053
11276
47204
22855
56321
50796
1284
6874
22289
1947
4923
67055
4123
70378
52313
61618
14263
5580
74383
6905
66096
19182
28800
29116
56659
50968
46070
49875
61773
55317
13605
75079
39550
21227
48346
21011
70275
71390
69466
23880
20779
58869
58937
55929
30179
38762
65429
46558
22369
37720
29159
741
36181
5348
8223
1972
6014
55643
27077
46648
68857
7806
29391
3526
53692
31628
61192
1675
4531
45385
23354
36124
63694
61829
59445
66984
24624
45199
5509
62462
53073
1173
21943
47468
72380
51341
72935
43596
8710
38374
21795
11917
63341
8891
55402
5529
60525
63407
67263
4905
15666
12452
46077
50202
66946
34547
62270
64457
68221
66455
37809
69697
60318
43760
48922
56686
46180
4707
51713
10067
8129
70988
71431
48366
48415
23930
3998
57125
20790
69252
9972
35526
67729
29093
22737
48407
54612
54899
71295
67005
1923
64945
45967
18114
17498
57010
21851
1847
14540
36042
38902
12802
42066
11473
22821
56636
24296
57064
51737
52932
36227
70762
52809
52541
3441
7387
49187
15114
15113
20151
7960
8027
30950
12364
48667
7631
27695
54565
36435
53315
53715
71187
11932
8651
34656
57211
75556
42336
1086
72660
10956
46089
33300
64420
29209
49283
21439
49062
13965
21913
24175
19976
3736
8060
67948
272
35392
22544
41473
9557
31617
74353
51001
45220
1763
6227
14645
59408
60109
70708
68256
70268
52955
29773
62490
8192
73199
65122
20907
1722
17704
14847
22023
23234
53238
57984
47936
56453
61015
66695
40418
25251
60870
70571
74452
1586
49283
54521
46227
67817
567
69752
8650
40321
49341
48218
1522
43923
52273
62678
58696
72780
5144
30118
40075
36320
61768
61739
41772
2725
22944
8496
38291
15429
36429
34796
18580
2198
10853
19490
12399
15570
68983
45200
22244
11796
38162
55618
24052
28445
16321
66361
71188
52732
15136
1677
29149
3678
58506
729
50686
32713
5664
52980
28617
22826
61977
40612
71479
49956
1958
65453
27942
42611
21203
44992
1608
16031
21414
33391
73860
69498
9315
56414
54730
29284
33831
47843
9444
23012
39212
18698
60460
43440
29886
56209
6976
62992
72456
30322
47701
12179
44546
30048
24463
13226
51699
30077
39212
30434
17241
55832
63426
59514
27004
54764
54158
52916
50627
57120
5202
9983
24213
59828
49422
28434
27245
43109
18987
47173
54900
18966
41393
22414
8281
27137
28442
60644
44645
65990
22748
23455
54937
38585
34907
67448
50729
43302
32339
41625
30520
3980
43731
64996
52849
40532
7924
53549
40828
70244
39047
63224
2646
69547
22258
59606
39820
23844
34339
2680
9886
36255
75418
269
48816
20564
55841
16415
23643
29529
73340
6679
62357
45381
24067
56775
29926
30860
6142
27522
42571
31871
43856
75475
34963
1283
28681
27996
17700
9815
39051
47677
47528
52778
16577
27566
14894
24957
61112
41766
18003
27034
20651
63703
37352
59683
62412
24287
62022
12035
49291
48440
10928
51285
2837
45891
59526
22649
64086
68117
25249
67163
13339
1524
18713
61315
59599
68139
33014
780
30201
2458
56096
26934
44234
46119
68298
19853
14279
37821
6331
68806
15628
28465
50518
70598
64496
6617
75138
24722
37278
12673
13818
17832
37935
68457
37847
66774
41043
72747
34645
15300
31310
59240
43825
56950
64644
56011
9771
6297
31455
3632
26528
9070
44328
12184
53114
18137
69628
24524
56084
41254
40760
26904
63350
56570
104
41420
6602
47861
12495
50438
18712
34572
14889
2754
16658
5465
42834
20902
34223
43537
34008
56229
3529
54389
22243
9499
72788
30409
69986
67027
2571
28058
74815
28311
45698
62930
58222
10576
17803
12065
50343
25636
52147
67719
2332
71460
53155
10592
7452
6141
67429
61011
46490
29324
70196
4199
51431
75185
10320
41733
45572
47637
31028
37638
46804
51378
57221
39886
19010
15079
68702
29119
22772
31532
13922
42417
21038
71727
57497
75592
28892
27999
23399
31518
21883
55248
32490
69488
61268
44359
35507
15483
9660
67053
16714
30048
60260
11273
35131
74794
74793
46552
28220
58152
31773
23259
53852
6843
11751
40688
38757
1075
33001
20726
69848
4075
39570
3159
49064
57715
58247
40805
63734
67632
7802
7125
34326
54058
68559
68354
56116
42350
5328
27043
73614
3020
64279
9050
20070
54871
27503
34804
74537
8990
34298
20707
54288
61133
1374
61789
10590
1101
17995
14450
35082
41125
72982
23943
12278
34644
49842
69662
45386
35275
15341
27669
39028
41463
54258
3439
22662
9817
12004
34053
26522
16568
16561
46213
6563
21477
71658
13872
64223
38550
8213
59767
24241
68017
56802
64530
74149
11868
59724
27159
44772
17625
1494
60286
16465
71209
19525
49152
2087
19976
69412
23029
53949
24185
2778
10229
18515
64455
48799
72670
26890
71640
27158
45435
54206
20624
37741
42340
28123
21449
53669
20986
38319
41489
8008
36713
65695
33102
54379
58366
17343
1311
42887
30295
16527
1390
56709
15414
32682
4460
3974
61135
5429
40085
69305
51583
16477
57592
10861
44480
28168
37948
56260
70175
60677
8644
23000
29741
42760
19406
14379
45641
32695
2939
22609
69467
38592
66400
67428
9924
46789
58970
53179
11986
33552
29495
40782
43893
60561
6405
40024
16735
67448
24212
28734
60156
7519
62683
66665
62182
41593
19234
20718
62443
2221
3543
62305
28747
53468
52198
73355
35388
3252
27422
17387
13278
871
45073
50043
7269
23148
44567
17326
3215
17133
74013
63346
12851
73435
27298
18623
57241
10559
73422
26588
46756
26038
29461
13909
59370
49224
58895
75411
15224
18585
3102
14446
27471
38357
26087
21835
63962
62086
23997
32560
28117
58035
14668
18136
42666
2986
55700
33608
48108
36136
61696
3155
41064
68787
43173
46259
51737
66676
27555
4150
2334
26180
31930
21063
46160
45573
7129
25063
18375
67852
33242
23137
65329
49402
3608
30277
24948
52891
49320
54716
47631
13804
36739
47510
31436
35986
16973
52350
49957
65188
56475
64541
30149
15239
63776
4685
23041
4710
42438
24457
22478
14555
44814
25304
45512
44800
51810
38652
4225
35365
66987
16229
4653
31589
25163
32033
40252
49010
15871
16564
46456
56865
71736
31859
27577
74508
58015
49030
21617
65079
55914
60194
29856
58764
60142
22795
53637
37607
75524
49258
17415
62480
41519
39955
60526
25846
70585
72951
47642
18809
16330
24673
74421
73877
62051
13397
62761
52000
39080
51263
13152
54907
47911
54207
3884
48132
14396
19415
61937
19952
73504
67478
30543
23746
16790
54210
62709
38471
53816
55498
19973
63126
24541
27331
44424
54070
70226
17171
56938
38323
24069
2979
36834
22981
29459
26997
609
68886
49543
74586
42007
21364
70539
36348
32902
45650
26622
8551
33963
63102
17012
28502
39828
64536
26012
35993
21035
54788
57996
53104
50737
12066
70097
15061
68992
15731
50265
57999
64110
16092
58726
32660
36329
68244
60854
40843
58429
56277
1766
26230
7325
51134
61403
3488
28467
9934
8547
6805
59466
53278
70740
10420
24291
39166
9733
1515
36475
39559
29596
74102
49011
44531
34646
65300
7817
66372
26297
40562
907
56815
1918
43073
3172
45966
50555
74649
28096
43140
1624
39263
30336
46762
62376
71577
25365
22639
2393
17016
57864
51192
53537
11420
63415
26613
21525
39649
69572
39180
40136
34493
1695
52950
33523
61514
12661
8572
71479
27455
10185
40891
52353
41442
50038
61688
73266
62713
20339
50391
1786
69791
2708
49099
28900
54203
36273
33910
61800
68064
25842
56257
29122
70488
54056
831
7704
31128
74385
46227
52528
40547
69160
10148
17299
53387
69023
30078
75196
48366
41298
38335
9131
11253
66893
16392
75727
8641
17000
17123
71294
61190
69728
4210
1603
48776
6165
60428
16225
68236
37507
70427
30153
43871
71545
49832
42729
69432
93
57830
11258
23383
71981
38798
19792
35471
20681
24628
22760
57451
38355
23457
64848
64480
2176
49017
41494
43978
29197
23377
31729
2089
7556
61382
19219
52891
48897
70173
45515
68366
37971
40303
39354
19393
47741
69270
54723
49976
57483
62287
14095
64700
31045
34594
34907
10421
58186
39688
52508
14772
34846
3920
47181
11228
11474
13241
7625
16711
75186
41342
71472
70758
50370
75016
24267
68148
8692
36108
60984
28044
14780
26930
53746
23582
57083
40681
35870
67593
66859
70707
37763
67033
17018
41204
71826
23780
31313
38407
49241
7222
4204
75237
74740
36955
45641
54230
50594
61824
730
21385
6187
66042
8915
9745
5981
13868
9965
12977
53900
65283
10998
67942
69347
68815
57895
5203
49509
27286
44660
14872
18688
32251
70073
47157
1868
38943
36598
26758
49622
9380
44117
58067
5493
48518
19934
6729
48597
65004
1678
33133
60987
60035
7995
43124
67148
58875
60169
40417
9947
19415
3652
71825
72977
52092
74252
23588
41781
13073
50657
70833
67618
43706
26025
43100
17688
54930
75324
41482
84
936
36816
23723
19074
8699
19518
73419
54103
41864
1207
65988
2300
64810
51512
29229
45626
16317
54059
44728
69796
38872
4734
12939
60321
55502
3512
10714
51992
38074
993
28489
9765
73969
68049
16287
48066
3583
24445
2542
2287
41033
74794
57635
33261
64986
57986
34064
36920
37784
68476
30851
53956
63672
17241
31202
22088
61582
13936
68702
54340
4282
12117
972
10931
44102
58954
16799
25564
52343
21602
8892
4185
56489
6980
13045
64188
55638
16604
27359
59743
49649
514
47109
14424
16093
61100
21706
42166
28058
2751
34435
26464
48026
2782
61105
20766
37135
33996
21149
1186
40549
71725
47241
43217
16604
34591
73234
70308
44757
60823
53514
56237
1378
18709
44724
55615
21128
19850
32545
11411
33559
56875
68281
62840
58911
6555
8580
675
49266
3449
52315
22052
69232
56049
24800
37130
37971
21729
28615
39958
70458
39962
59675
32719
34105
43351
6044
36948
69540
22420
20336
20544
60751
49335
40928
23344
11187
53677
3985
54576
42061
64877
1169
29507
2823
3405
52814
61763
24162
36962
54387
57501
30367
73017
5313
55631
29258
18265
58132
59107
56279
9846
10377
41024
31760
19924
44887
74521
74913
30465
45119
33986
19265
5492
22488
2770
72796
51828
33525
10349
15467
49353
2651
23133
43289
69129
14810
20440
23156
16669
47473
6670
19918
64314
17221
1622
39129
39150
29216
4531
33999
71645
59792
12970
66582
74970
47939
41540
37633
50913
28402
62358
40701
26286
47193
22414
72536
7173
30365
3308
701
12226
45549
52291
40172
48088
23164
151
38408
5408
74439
5362
37612
26317
24006
37130
39558
53641
19302
2916
66474
72087
43773
63075
8994
32028
18190
52824
22005
31363
37238
41590
9750
18346
59004
50279
21978
72789
4522
17699
978
13439
34806
3945
36130
13924
59736
39600
62373
50123
24600
5411
8871
55522
20289
61611
71950
57214
49497
73757
24121
25886
54558
25514
51409
9422
13084
72825
1032
65008
1750
5956
60776
10906
46843
65915
58595
70645
43545
53666
21168
12832
40222
44688
54716
69770
22721
22476
52505
16175
26862
24560
3507
53802
67614
70133
61202
40850
36697
67426
16203
73487
4388
41559
64750
44138
1067
5606
53424
24993
51552
28720
46146
23098
13427
35118
27521
60857
14300
11830
70133
60019
70977
24141
65808
19565
39886
52946
18788
40419
67172
11988
47195
66895
35540
15694
71653
38695
51920
41634
56162
50327
11925
42143
68750
14884
4071
30802
67418
28782
65804
63030
24075
20574
53353
26562
4624
19052
60567
42023
39143
61629
56010
28586
75020
75758
65899
42208
63321
3967
2122
58654
25005
4301
42046
27257
23906
42347
72044
29550
23754
12293
53638
2343
5052
55702
58198
73556
8391
36490
40448
23572
63650
49823
36299
3080
62028
439
69231
72468
71456
50993
64702
51405
42726
57183
19388
38470
48011
18351
19759
66331
66889
44183
3935
8053
56775
38970
48858
16340
44614
59023
23441
20697
62928
72574
14270
49112
51628
65843
39017
4022
57048
7134
49313
23303
27321
57081
943
30858
19715
6469
58987
20142
9956
48455
13876
58427
43538
42055
33647
22178
19034
44306
45212
32995
50309
39767
11289
8628
48981
39887
14322
13861
59598
57705
10475
69255
16451
13121
2316
57626
44674
4242
18406
33666
71197
23329
256
15231
46212
11116
67120
63247
7262
63480
70672
25674
26320
43937
45571
42937
59476
31677
49282
13130
56144
71582
51822
42380
46813
54942
37455
20421
65384
16119
1772
17999
68031
29632
60467
46911
9064
57405
67716
68177
67302
4115
64274
896
39529
8614
31543
7743
24244
44768
28244
27513
33188
64664
36885
55584
6503
75656
6906
67809
20283
33157
52224
32259
15978
17371
59583
56621
51562
19112
32250
72087
1453
1868
65907
468
19391
68016
26799
54733
4954
26570
70904
56334
11923
74369
69970
52563
59796
5084
30584
5562
43606
13492
38800
50512
20700
2531
50605
4706
18443
48331
68787
74913
25483
15100
49636
2561
5243
29414
11000
72341
53965
9054
49845
11382
25769
56452
43100
5501
30614
11734
40123
52531
28223
6305
36590
53733
70926
52253
7905
29443
12710
39386
43680
49777
73200
20166
3657
52803
25954
21560
1378
31534
65052
74565
64266
8498
27032
15132
59349
28962
61707
66288
72777
35812
2058
22967
59506
60647
70100
95
31222
45080
20589
14027
37877
16083
69781
5129
39482
8773
6057
60916
817
62629
42113
15355
30541
51601
1606
18740
48749
42422
21341
60223
62734
15841
19009
33950
4146
22395
5689
69059
45753
46477
39737
54134
12849
24536
52316
54040
46642
2484
26256
67073
33129
10828
27419
7358
58426
36731
7310
40368
7276
71798
70844
54298
72785
60384
71646
16861
15253
60201
34763
33913
37668
64989
66916
45304
20161
9760
25681
10078
28926
10927
25002
48846
40644
59385
72877
14174
47809
15384
14676
50586
11596
33098
39684
73535
24119
62048
22596
11974
48566
37004
29957
9443
65928
70765
8765
9382
26428
38879
13892
68414
60108
29985
11086
37915
62832
14648
33879
40306
6105
9893
12149
3211
53658
36596
42541
70183
67411
3127
9571
64373
23087
511
56812
52867
64507
12849
32849
3218
17986
32419
29378
22616
70223
20324
37037
7951
29906
37562
25356
50802
48951
28927
46347
13183
33315
22215
8559
46407
40008
14337
36207
58016
23044
57180
52275
1657
12714
52498
70932
74269
17684
23128
17944
16114
17890
52893
72144
7165
18048
18069
63238
71111
4234
11519
51290
41472
55794
20614
26939
61438
31070
72510
6283
60106
74137
20155
26487
56528
23050
73119
19095
28795
36351
8483
48726
43683
69893
72469
45425
35789
69146
20620
35658
65486
13738
12171
43037
32057
73699
66388
32659
39258
12189
17993
64518
60522
75712
63844
16227
6488
56034
74082
26198
56530
51120
61134
2754
23594
15951
9108
39421
39052
18725
13195
6537
17070
2374
69584
12522
68337
16610
42080
54204
68860
49469
47701
10368
52983
24788
48727
53093
75296
35916
51596
49544
40405
17183
40595
17125
50854
51710
42926
48760
37110
65323
4490
51687
73327
24358
39614
45337
6656
29820
2210
26561
31854
58757
11728
25297
35132
70086
66259
66796
19178
17056
5296
53759
47828
24764
41406
3541
22971
18723
57997
9451
68769
26332
32350
27959
69970
67196
43920
49899
31499
59033
17003
41048
11534
63696
45911
53474
34380
71248
58415
14276
40226
65961
16010
31536
74375
27123
60138
63403
36250
59020
14140
16268
13748
60883
72826
41478
4025
58763
12910
51268
41571
37691
74273
52522
47938
196
58180
18725
27003
18372
3825
27398
3241
22295
1944
61308
26893
26222
16849
52136
63881
51704
36575
62050
17494
28381
46707
34394
9197
68680
41733
44205
38408
35503
37891
68313
30091
16101
36267
41580
10115
50846
16254
26390
5139
15919
50421
5643
70134
71905
53027
65523
71257
38407
62009
9864
39051
37677
19194
11763
25596
34921
9741
66839
59271
27292
3924
44044
54865
3917
53315
36745
73284
27833
15749
15729
7600
40280
44797
19196
33581
64516
5246
61413
29547
51131
41841
8518
30612
48368
26483
17532
43485
29069
44191
18913
21947
19875
75711
32277
74046
2234
43603
37920
4035
60179
62255
6366
73957
3632
64710
20708
38654
34212
38643
51796
16670
65269
45035
70019
47611
36334
71370
61059
50928
28946
35940
18858
68778
21322
68414
44451
41784
8967
34838
59372
47246
36587
24202
9721
39288
32773
69864
75483
15830
62577
13119
34604
67551
8985
39220
6392
17854
66716
47313
43835
48739
56044
16851
26778
41592
16627
34567
73963
12659
44382
35180
73361
67594
62043
57265
9951
5400
6098
21703
4097
61181
39874
6542
6925
21574
63864
19213
54894
50375
4040
29899
63373
36860
48133
20346
56995
59760
65239
41750
67706
29077
65035
44451
15887
12199
41190
43822
63510
12177
70564
19310
58075
19964
56965
43814
7210
48168
26312
46645
8883
47508
59921
5703
64589
71901
36526
30953
43708
64161
16298
67816
33710
58218
56630
62691
50137
40772
14942
54808
72225
73984
7860
30456
47816
51102
34725
3485
36683
43932
25889
65170
54480
28951
3723
67672
18478
69777
42879
19277
26168
35504
54
28119
40625
25149
57270
2073
71078
74668
74717
21938
3698
71859
22621
27813
29258
52032
61788
45239
22179
26961
56546
41371
40001
64548
32310
27526
29486
34108
35363
34332
7752
70162
48763
15581
48576
22605
40713
63282
55860
37553
21797
31248
2574
12070
34843
47598
60663
21288
71604
19249
68514
13989
39339
60752
30889
61077
36577
62285
62723
3488
23164
56060
72775
41948
9571
21174
64103
21080
17546
40934
73902
8942
48488
52088
45888
30104
35992
45929
48796
41924
52917
57242
65893
62435
4153
63407
41779
8230
30583
57541
11074
36002
73518
42898
11761
6627
2834
60371
21125
43146
13437
58454
463
13150
67781
36962
30151
55625
71338
56382
37307
33011
38149
60910
24399
2096
10846
16157
17575
17706
23916
74446
6916
42323
31301
54591
32573
1224
40917
17232
32911
51015
67072
11715
27683
48860
19115
5290
6448
38554
73840
41830
41604
37386
15535
56759
73024
65488
58928
64494
54224
34362
59170
48597
44674
44591
8800
19673
72164
28830
13155
40442
23702
32430
47750
51581
15661
40839
5470
26252
58748
41734
74437
4313
72856
17275
73502
45030
44990
10159
68422
45406
17396
22019
7008
42217
9899
13683
4061
23181
50715
23173
45003
14277
56214
9346
6392
34008
18917
12681
47758
47458
13602
42594
52893
49472
71340
72842
17515
3337
5912
29179
49755
42712
57026
46479
34472
12116
22942
63143
71868
32573
74025
10913
47667
58383
44175
29827
62111
4793
1035
43743
61357
38297
52091
70620
20011
47716
55731
75104
7648
6840
51354
21219
74114
68241
68724
58031
44415
28852
52868
38248
36744
56720
8137
31214
74543
29806
75227
52103
5222
41289
9525
56105
16598
8442
53937
66348
66331
31905
40714
27154
68381
59027
55327
5087
46125
62113
15433
48228
39359
56772
30056
21139
45473
68546
50179
31309
41305
5574
47938
2579
19160
75492
55528
19264
62617
62717
46369
65012
28108
22019
55145
62281
60549
1658
57884
10438
7946
28925
17596
2505
16174
63097
51879
58974
67061
6704
13453
31755
50513
29923
9774
63311
13230
35161
20979
67671
7426
45689
50961
54082
62918
22722
72045
51459
24690
8889
38190
73434
58098
61084
73781
44330
52378
38083
7418
67414
40367
36088
53893
22663
12732
20097
68773
44980
39312
49877
11016
71934
71267
51615
65438
2433
40708
67847
7580
60320
12176
46486
60831
40932
51575
70182
65731
6607
35937
38445
29159
26066
30890
11138
49462
19846
65785
27562
21696
72534
1164
69739
27502
35627
27422
1803
75512
64007
64611
70282
65063
15814
31440
70598
14914
7318
65034
74352
38723
64112
46361
74470
5760
50371
74633
29337
64999
65444
3478
7179
8244
74601
15960
44071
50876
45617
62006
12449
16054
23521
43353
28277
58401
75603
22694
7372
57727
26202
55906
25269
74546
53839
5222
55225
46084
22116
10608
47829
50001
19633
55039
25924
68506
2634
23112
50429
54178
15714
73648
21101
37211
20830
56500
10214
45239
67993
44866
71122
49285
47371
21027
11152
39473
31811
68221
55955
27688
14164
27558
18864
57167
8036
7063
16512
26397
18920
35987
33081
36036
56478
6683
599
70231
68836
50333
40693
3425
73911
71697
66777
19441
37250
52589
14628
15972
49365
73448
45764
6517
31607
57597
216
43791
32906
64671
74810
58658
59671
29122
42237
36321
70155
30248
30839
39690
46960
37479
55303
54688
47606
60522
29954
46602
2103
31423
21156
24415
14198
23842
28108
32475
63637
62537
35968
52839
63800
31904
70342
7163
36995
13829
43064
73866
7835
23716
57611
43021
16542
22470
55558
44116
52064
60645
26545
47438
18867
30548
13640
53267
23581
68776
19560
27078
28340
59070
2728
39197
2725
61572
43478
68021
13246
51463
23172
48398
32538
3132
33451
64259
7322
35576
111
57135
35979
37851
44559
22990
30028
21923
20839
46806
1596
52644
58607
55691
32313
22065
27664
39395
70391
47830
24349
3502
38459
57497
26175
67999
63307
49765
59850
45268
25033
46928
56511
44884
74494
53055
53685
59715
5026
53161
64568
33419
4193
57044
24942
71639
46261
51808
59800
73616
65448
67036
71449
42320
31666
23004
16643
63313
14182
46895
26678
69847
3623
12149
23566
30403
61050
53048
33846
25166
56963
64569
9165
52414
39267
487
2108
48983
58188
65667
64395
8909
45470
57431
11845
4236
3036
73670
63272
75589
56488
966
34169
66433
14994
12197
61648
44435
21251
37831
43249
29923
64370
61619
50632
43478
12157
10588
53342
14962
13431
19100
63139
29241
25226
25767
761
73020
19617
56606
52211
2569
23445
64750
68723
74449
27468
54615
5562
4284
8347
61758
43063
37856
47895
68780
23028
11819
10234
31882
24389
42547
18874
54866
47560
67397
13343
53699
43875
28336
40967
18126
20054
66889
27981
50955
8730
66398
48433
2736
37247
1478
28759
59654
5765
8528
36260
6461
43726
68565
30917
40140
33168
44775
56044
38887
21435
46491
58764
56349
44739
43677
31660
14501
33688
64191
34046
20252
9201
55903
7954
45404
45185
29079
46328
33027
1233
61291
41012
73729
13185
16506
69584
37378
52122
26350
65691
43627
42335
25113
28541
65148
69086
73144
23842
46444
9671
12783
45639
54521
10619
12544
29172
10423
39239
35859
50574
66657
45524
4117
24891
49359
44637
73104
57277
40669
72486
29477
71566
64956
14516
10985
37492
26393
36008
49815
33531
14542
53764
58861
19582
37396
24600
69874
39467
54996
25989
303
58291
44518
75526
17296
13535
62424
47827
9420
14211
30027
6524
71570
57641
8162
1236
70546
20329
28721
27322
11883
14362
2038
74767
13012
40398
154
21874
71410
32968
45297
48481
27384
790
69659
67658
69682
1361
39459
23927
56280
69819
49942
59265
50541
23518
15049
27906
37321
9001
64310
42915
36661
43587
68567
43087
56661
15647
72324
22962
23559
6987
51326
25406
11994
33695
65825
7487
59166
28541
40419
36219
55970
63829
10386
56165
21268
38878
35046
60232
17300
22027
8941
45020
3118
55557
26319
62012
61186
24288
51344
17578
55137
70640
10473
54767
37080
14590
59678
39904
58700
37724
3598
28381
16408
51954
1201
12083
26595
12721
49933
32664
6847
15027
17449
33280
69697
12554
19960
21732
67510
29498
1285
23030
43075
20011
12322
27387
47770
61369
66446
37459
33573
8534
22424
22750
6744
40585
13574
59594
35512
40253
6244
1987
13079
5152
56296
61891
70095
75407
56547
60340
15670
70080
61948
40876
53238
18864
2055
41603
6542
60880
17479
60760
5532
15614
4612
37558
11904
6947
35734
64023
44416
14103
2186
44022
57401
18449
55324
74223
61804
65235
51000
60974
74423
31282
26606
13330
24304
228
3926
69285
1821
5453
64298
67787
19114
48058
52821
6227
57720
67318
57701
30031
40146
58314
50993
66597
43092
18113
5911
14449
38926
37532
62416
41415
14932
51579
71038
11168
25745
51600
24640
5719
37383
32924
43940
11630
9252
70444
65949
30917
50107
68173
74883
9198
34828
42449
65846
1901
8255
39314
30077
12817
2748
56124
46027
70739
19306
15417
40304
63640
23593
65299
29420
45361
64936
11320
50578
9428
34596
12765
65762
75162
70220
41096
22584
35884
39052
5127
22296
13568
45413
31212
19960
63797
66692
70669
65806
26470
62101
61105
46525
13981
24360
44815
48847
31753
63593
34786
30033
9247
62278
22824
11051
65498
51133
14534
44465
20852
5077
56216
69016
43175
44495
21000
59529
64728
2161
50769
65763
28268
1248
48739
41960
2855
72748
52447
66274
43327
11733
30811
66461
20147
3636
24568
47191
70201
60310
4186
19295
69360
8007
70990
70597
71326
54586
30312
64859
6575
60454
43794
28534
32695
26667
43521
56803
75082
45852
35870
13420
62502
26401
67900
32040
70658
52246
8403
28247
4969
50422
47234
53239
5036
56564
43197
36083
20081
67772
52877
46463
58762
34040
17987
27652
51336
65722
66396
27321
38644
19758
59614
63872
59006
51730
73593
1674
39879
10257
42070
60966
31143
18623
43458
54595
42257
65205
58840
43905
29915
96
47327
14303
43906
57555
12861
62106
47897
60750
26374
934
33312
19087
63377
37196
52279
44343
10819
58010
71206
19214
9130
12535
12714
53542
71849
65316
62573
6450
4259
19168
18482
50103
3518
20992
32949
15959
3920
23399
58400
55572
28750
38853
20676
60606
5229
31754
37816
57100
17083
39228
71862
32341
12212
64681
47095
61978
66205
43482
15539
65880
3153
57544
51176
61955
7325
73799
34159
17015
14434
5949
52103
40497
52599
19531
35933
39908
26584
25123
53726
18565
67685
16180
32887
36243
64407
68717
7225
32463
19701
73853
48305
49300
52243
62339
13281
35221
3403
23961
27364
54279
19477
69094
44770
38846
57388
57693
12084
40065
70179
16769
23345
39132
62572
70688
47461
1952
18682
61526
49102
72573
46511
32395
26964
39149
24250
46254
48390
12888
12936
35396
14308
52142
27406
44728
30180
52627
19982
32041
68265
54160
54937
31594
60469
68659
38744
41604
64623
63062
62305
63141
55015
46513
16279
13832
46604
32014
63065
67306
41033
45020
50022
11598
66961
57778
756
42980
42739
5526
71673
23233
64973
63523
63694
38287
53984
52377
61865
51701
22517
71838
33072
74511
16593
11413
72801
6503
51198
41120
10340
45426
15338
53633
25260
75633
74855
41966
4679
37264
6021
66397
44117
2736
38253
62221
22044
31751
49979
11239
25957
75470
42630
50368
20780
55844
17933
56717
71772
74122
62431
34564
63828
25355
63711
7088
39643
64844
8921
31945
14681
54179
30934
32947
13006
45740
65891
62319
56423
21455
32232
38278
67180
45349
22129
51807
59690
57747
40304
55092
25534
69778
33865
70351
36313
7512
4352
61629
42867
50270
37641
56423
20953
16086
69564
66337
17934
46738
37185
2090
70683
41992
55946
43680
14792
64487
64932
13080
7979
12380
34262
29705
15436
50905
2609
72922
8483
48418
6963
40257
71935
27915
51071
35597
21102
17914
14571
74755
36509
3509
23879
11109
11233
34680
2260
52555
37708
74798
26273
30636
24144
13264
12365
67346
33456
59592
43102
56720
74729
13915
26468
8218
34390
65608
10794
13730
19031
28439
15067
8926
72002
4725
10757
27438
64007
45727
68262
52670
30935
5120
73214
44835
26680
52331
7853
49905
16892
63820
55839
38192
50304
45231
62385
72674
812
131
28920
63596
15290
27847
8650
4496
55810
1955
41505
34373
23240
19356
1417
9372
73004
61829
34060
37933
1461
67172
31043
5437
28665
52134
59543
45787
13056
46768
38848
10060
18490
9190
14278
45512
45712
33646
63329
62521
6469
11209
47633
63238
54033
60491
10941
17920
36433
39907
8802
66534
43661
11218
43497
22874
1377
1743
41954
75648
35245
380
50456
1918
40400
52409
30638
3600
26351
32989
18063
12897
3854
74677
66415
70189
65151
62306
28232
11004
18688
15161
18938
17890
37391
9179
35931
33236
64141
3672
45364
68465
64526
32625
6130
8404
38055
16704
4179
28519
39354
59782
30742
54100
70131
24814
22927
3841
54280
40936
56572
33651
38666
34884
3834
32204
61275
4721
64363
33149
24095
39649
4656
8117
14090
73423
71584
17379
1119
74040
45336
42761
6028
32628
20778
36651
2537
33531
40242
47725
20737
55899
38353
42669
23864
24064
65424
42842
50559
44383
42161
35634
21306
1129
64359
52912
54746
48762
48245
10896
633
46985
30332
6420
37073
15069
73849
26224
69698
39615
44139
73463
6868
39989
27926
66858
52699
13302
12925
71606
68551
1971
44168
64290
19219
19594
65594
26263
56949
66592
53161
51139
64132
9442
36996
19623
16631
58371
68194
27724
15556
69916
535
71149
2286
4468
11642
74005
15494
48807
31641
36365
47398
60320
73395
58464
1398
21359
33352
73471
12758
18231
18516
51203
71859
874
6292
74499
41082
61440
35126
29882
9707
18125
26965
6209
55378
7319
57064
64075
29802
16471
25221
61731
13192
14398
14865
25741
55261
65369
30132
18045
9450
25951
14177
53322
58900
47309
42289
20478
31492
18353
67694
24992
24859
73669
48556
44278
64502
48318
8645
38398
27067
38035
43156
41529
14236
21190
32384
42041
3247
48608
16131
20866
64235
62851
55472
52570
69054
49063
25341
65507
47876
55302
52031
468
44600
29802
17434
71048
1301
22410
2694
50982
60882
8000
10767
61837
54576
37436
48569
31427
25177
40528
8357
49474
43786
57051
29470
12024
46815
25384
39559
25717
10480
70345
8758
61050
63613
18527
52228
19316
37290
37643
47839
2357
2659
49452
2613
25248
18809
57442
38455
75424
68246
70717
6946
71057
59346
67893
33156
24699
27712
2689
14031
48339
14157
9973
7830
34998
20448
59955
6053
14106
61805
22521
56415
17508
66037
56800
23348
65888
74727
3099
60765
47917
39014
36376
45823
25229
43171
47265
56537
25340
66434
32377
55576
30107
65579
15706
54630
15156
52697
14021
54070
37788
19706
28969
23811
63036
41992
60656
2681
65475
4268
46155
24170
22649
66311
29435
7114
51545
54651
6681
21210
16841
57482
44475
55780
64683
14595
40385
66663
47111
42674
72161
45157
61356
19789
1586
10298
14174
60857
41398
18609
7853
46649
73788
10859
18713
23120
37932
72088
70240
13456
70500
14700
74059
67021
1425
59570
4746
16456
60210
44599
49338
73223
59424
33127
7237
52677
39938
70495
42402
29865
5981
73892
32746
21266
10887
40629
67803
48450
31298
577
71241
11822
15247
14423
7359
67236
60953
24376
3168
65846
27644
9430
54390
6945
15682
66828
72648
73138
30285
68327
61655
22971
29039
59641
70720
22989
72859
16413
13840
44013
21031
35399
662
35288
23940
59357
29707
39305
13490
74823
3510
6232
28170
65166
6086
19919
19111
19115
434
31776
5616
46691
73739
33155
3365
45178
32850
74231
13053
658
72829
34297
72549
26139
18278
49786
23707
28823
72304
39195
53787
26363
7352
68293
47194
45344
69240
15654
15896
8926
21529
43901
10751
37695
27452
32297
6872
55933
23483
40086
662
22093
24914
64268
55066
65106
37018
32489
37204
56688
65308
50037
21874
1979
28364
52223
61874
20587
7354
51741
51193
9919
43089
44906
60440
17946
3158
54968
15158
21841
52912
55329
52344
17287
8715
38095
6862
7625
61108
49386
50633
30816
4171
56852
75381
46975
13824
63460
8180
70694
54928
45654
51302
19303
42090
32591
24502
51944
59027
56891
40451
22797
31837
45644
62209
74305
3641
57136
39730
17723
14814
183
37569
63859
25993
43211
45752
45131
51138
71053
25178
51200
61177
50483
29388
63727
20542
47871
52328
59702
64013
44343
33447
62653
38561
44801
22051
49082
72649
59664
56238
17436
72916
59817
67906
3043
48069
32023
65602
47518
52671
68152
11998
68600
14328
41696
3274
14951
39234
67729
58966
54345
17035
48012
56185
54314
54972
20222
27799
68703
1263
46271
11673
42470
32055
75077
5097
21815
19694
19049
17284
73684
4734
53754
22026
9615
41493
11808
69513
34999
34456
8368
42445
69812
7123
22205
51346
16661
62369
47024
15496
17816
51131
31972
45234
19868
786
32444
73800
20797
5976
54313
2440
57952
60632
8056
57233
19709
13183
17543
7062
10100
43474
13625
62210
67426
47895
60737
61267
63379
13694
35180
62398
31117
24184
56727
49599
19480
55304
26274
20654
5611
34818
26361
44550
19979
53404
33695
73016
62182
36224
71538
19109
25015
49035
56044
64063
4580
69428
7977
47624
6538
29704
59506
5068
41615
58735
75188
32216
28305
441
347
35188
2473
50456
28629
35774
14121
7819
74349
64112
73867
7871
71783
48064
29190
44359
1392
24715
67076
15509
75765
51825
52850
55430
23264
55771
1290
18934
17145
23112
70006
36443
66291
4508
39310
16744
4135
4546
64694
62802
14633
36875
47872
3451
37419
12018
25176
13124
24429
8226
9071
52418
61077
37544
4186
50953
4871
12759
8043
5293
19862
74213
21211
33893
71271
9481
3688
6712
69796
74102
60437
37762
61475
74939
22922
39967
34939
4376
69913
57767
71258
9752
63325
14225
71377
56412
53682
29474
67829
8395
23826
31143
46769
34226
63486
29135
38086
46305
31936
30212
63849
34738
50860
20228
29163
38981
18339
59912
12439
74877
31461
73677
14943
34186
35320
59510
2409
69137
46554
876
32476
66812
6880
54220
4466
73437
27489
22330
2686
65297
51654
8453
39096
65440
42737
72598
10620
31845
58637
60585
71873
50726
28504
71480
71395
42557
28107
13636
17169
23571
9859
25659
5124
60201
50719
69332
35187
45805
28006
32411
65368
41841
946
17732
7001
11759
49452
42376
29818
49761
24276
30238
8760
2118
18117
551
73659
51619
30143
44967
199
20512
38067
6637
55247
44079
26393
33078
54050
51515
51487
47934
67673
37779
35718
5142
61392
46647
50860
31081
55862
38095
44559
22152
34385
50168
32631
66393
15041
47220
52715
23479
49270
52807
63721
5029
68463
17523
37862
7218
8683
42639
75044
12990
34176
65029
21409
2347
34682
56905
27146
25825
24589
1948
35780
18862
28579
48428
71226
24979
74442
25303
15635
31670
4652
47939
29219
17760
75086
2497
59353
65185
14092
71099
47523
30182
29897
38998
33446
28750
48115
18441
32646
3225
72450
11835
36411
36
14728
61716
31207
26734
8714
15992
68919
69635
40664
41280
12483
31069
11172
47700
36751
64131
14654
45003
63569
40860
12854
54313
32436
19550
883
42317
9428
13424
57297
71014
20723
45168
11168
31268
8155
41755
41362
37296
41024
60181
16831
2628
57188
7022
32234
28657
35432
71769
68611
51258
29313
68667
27013
45592
45295
57441
61025
1080
70289
64936
12614
48045
42044
36315
968
67317
17613
9064
2412
7434
48529
5314
55987
17209
47040
69623
15783
60070
45344
13264
51073
18569
72035
17356
15263
58096
4234
15105
20498
43030
3935
40103
70055
32012
65273
62549
26676
22412
54632
43735
10824
71507
40863
57968
46759
36028
16530
7418
9524
17901
50536
50298
23395
60679
31067
7592
61746
39390
754
29553
58267
50574
74592
7783
74984
74827
17837
46291
23025
26149
55596
24539
45122
27003
36890
74779
27653
2133
7156
52696
22137
45557
56658
16097
56778
36318
3388
65465
12237
18420
36604
7299
58116
70493
20132
64227
57995
43154
60659
1677
16487
62339
45815
33864
8326
16525
35457
7524
51209
23070
2208
56375
37665
1123
75400
33020
44389
55636
69032
338
54948
70193
36415
59528
3638
58948
42680
41761
16354
65624
36107
60060
68568
36
39418
70150
53122
35212
9005
62047
69860
64802
43347
27953
31363
70721
32399
22569
240
52127
44035
28200
30133
72101
43179
4069
33432
22671
24804
60690
22419
61453
71996
48024
32592
26935
4010
24172
24187
71385
40376
9285
55639
24430
1448
54647
53935
21920
20543
34542
41587
55173
74813
9176
16278
709
16895
20861
37115
17866
64904
24301
38980
50241
58231
4032
55096
62123
60523
55659
38602
61456
23649
44339
3903
7348
25304
65296
11831
55790
31810
60124
42856
69749
48998
27577
52093
29642
43322
34262
36955
46620
65239
30772
24920
33608
30949
326
18845
42293
7445
70288
12037
31959
63716
28838
49804
67638
6079
10868
27962
32882
25221
995
4900
41554
13262
15124
28041
9051
37309
6547
32850
52548
23735
3601
1083
54008
46261
12887
51415
32491
50227
36204
70535
25554
32974
27045
64553
63714
40129
25713
55441
5074
25794
19053
53772
958
62138
61798
52485
62805
18411
28403
42666
29291
37115
4807
61832
52332
33651
74203
43719
17330
61166
24253
39676
24140
3121
14004
54992
26201
26604
4531
61837
10998
57179
19426
66082
26504
14989
10547
62501
39310
47814
33004
8818
11702
4291
20502
14439
9284
74112
43972
29755
2821
11801
60561
42564
52038
51864
31112
31849
536
44010
5978
39579
49389
41203
31982
35855
25698
12028
53559
7467
26966
9953
55391
44974
62645
43285
27029
36904
32461
28003
23445
25880
20863
73559
38951
13677
51753
27046
55888
32888
37422
56369
62915
68934
69886
27856
38452
17130
57123
45190
28295
35980
39678
41638
66016
15927
13934
39908
6531
26020
53707
5281
28479
3019
40563
7744
52652
68553
40502
20579
17933
14329
28345
62969
67505
2579
75296
47354
34418
4646
68630
46906
10305
58305
5805
13720
64370
2785
20963
39723
69534
66758
12477
36241
25649
8394
61240
57514
46252
44397
70733
2243
47892
19500
22442
56998
62073
49230
13696
23987
41414
12487
37218
49389
42062
63831
49257
70776
37985
53513
55045
57578
20269
57339
68366
25708
59720
57692
45492
39552
17986
61801
56687
54230
75216
8107
56054
29611
72193
52213
3518
63575
69227
50277
16840
68817
36104
27877
19012
18522
14634
67916
24724
29822
23402
30755
2831
5003
16206
28732
60270
66476
36630
320
43074
27793
41161
54021
64979
69678
13617
64601
60659
38412
29384
73502
63953
7192
19269
27651
62241
3933
72330
25055
33848
30084
26114
39670
62233
50790
18909
42965
631
33653
6606
53863
68819
19483
52473
43806
41671
50723
32216
44427
15943
25762
69254
16381
57204
72812
41049
46249
9763
11325
26143
12
16512
35000
29905
74168
59439
25205
41744
18882
8452
20624
56133
62421
14564
51770
53686
22665
38096
38701
812
37253
66359
43628
70163
7417
28516
61424
40625
15342
40766
74697
73497
47183
55766
41328
45897
33724
67955
244
27174
18283
13894
8147
69508
36293
39259
12727
37090
21887
8029
24518
40623
32949
23913
59312
14174
25421
14383
68126
41230
41741
54582
31377
69880
46544
71857
49579
71237
62827
23769
8868
58105
4088
17652
19909
62600
40035
36152
30483
62824
75158
34627
25090
62650
22530
39588
36496
66621
39952
2358
50953
19920
40664
68867
38721
61822
52364
47192
54237
43805
72742
23889
27811
4342
71547
25568
43445
63046
24640
73909
5092
32224
30208
36551
7872
70205
65893
1685
61918
48347
66597
31458
63494
1229
57282
68018
8448
48104
61663
1236
55518
46961
54171
30232
69028
22528
48389
9860
14893
18788
21722
23484
7488
16994
36461
17611
6310
63189
50518
70733
2990
39340
72779
63238
53969
17137
29197
39137
70298
10419
28784
46638
6829
26719
34404
23911
41989
36769
9057
54484
2206
53925
70199
7532
66755
71033
42230
38987
26958
56131
39057
32598
68538
16293
3787
36658
72383
23656
44159
60938
63010
75750
33301
26581
10637
22454
62607
39910
28438
53319
45201
5935
48315
34127
25941
64456
8205
32168
69881
18528
59290
9258
25369
23783
25129
15635
50513
11480
16748
65649
64884
20251
35888
18882
58885
74421
58690
3330
34629
15163
50150
1034
55522
4166
53774
68949
38313
53263
20713
39634
37613
10355
19915
58172
13861
29093
27702
71514
30423
54452
7519
32632
38547
44747
22874
54566
72240
50355
61304
14404
21398
40811
57314
57914
57321
39865
10600
46505
62056
15653
26561
34161
14140
42831
16809
27459
4636
5056
64264
42107
8902
73218
17496
30608
59836
605
41376
8832
30197
6968
40366
18741
388
4812
58000
62588
50726
24772
12736
22027
28877
46588
29603
42675
13732
71879
17149
38256
73821
13573
41106
7961
34390
10091
4279
66328
33929
60205
63612
21989
28339
48475
40015
37069
24837
43128
30118
27094
58309
50186
70706
61056
61546
11592
15004
11401
74015
43637
57408
59875
11466
26248
42139
67743
10151
38346
58814
65912
17658
3487
2479
70882
37637
28828
14785
15203
15
56917
11088
18830
22131
38763
57471
45798
63015
56498
48461
7245
45455
34385
26498
75028
64931
56769
61669
33995
38062
9400
55860
52667
67578
10197
23907
28634
48040
9798
25682
956
34269
48341
21198
36806
30849
39481
19986
66893
74061
4357
9977
20957
65596
8050
73600
5007
58911
50908
44130
26742
51678
38610
54981
10301
49605
10252
53439
47824
14690
56601
28744
40393
74650
10457
74940
66266
7655
21705
38896
30879
54335
52961
59220
39954
23485
60337
3443
10398
63199
4572
21167
64106
31931
70011
19699
10103
45317
60024
30572
70681
34789
56505
11920
43715
62069
68257
4106
13693
70904
23712
71435
45778
25184
12951
63645
69890
26935
3093
26602
28458
18939
17712
18294
34995
49098
37211
64959
16550
28962
67352
62182
15679
1753
23984
68945
64556
73310
43062
30612
66234
9598
16264
70014
35563
71898
5311
64462
33357
42038
31921
32957
22135
22835
22745
59804
30314
62792
59092
4065
56381
55393
67561
52787
71074
54605
13136
20431
38636
20131
4217
71844
32666
6339
51058
37122
11055
39206
41276
35663
47237
20024
40170
5167
5862
23050
5939
62038
11870
26198
48936
39219
8933
28748
47433
26920
4117
58037
155
35964
32272
70066
73065
69387
59971
35831
72474
58515
20553
51567
23680
38665
12773
46791
45697
67569
39623
75743
27712
40976
4834
38042
19310
32067
50383
64359
29988
1917
25296
6190
29037
51669
57365
11364
50264
18772
9806
53414
710
71324
69851
73444
34412
24476
18197
19826
14601
63156
25775
68449
36807
52006
67459
5207
5221
478
25305
1934
44563
13848
23378
72539
12832
38129
74709
62869
37326
24986
35372
8099
16092
47647
7884
59880
32203
5179
62473
15795
61001
62668
1009
31428
24862
74132
20158
47346
52737
63358
54364
41448
52638
74847
67093
60930
295
3063
56668
51022
50781
61490
56214
64456
74177
50413
23326
26874
64097
13640
37890
5346
26050
70411
60098
12893
35796
3390
25891
38200
8976
19933
55734
63371
54371
53068
33741
7424
50703
62855
66675
71669
53429
26211
57166
49198
40755
7095
40433
38065
49402
29568
62677
32541
48698
65046
57263
11976
37311
42561
25483
42747
26356
43362
38566
27476
11770
21827
31955
33371
10127
27183
4830
45276
15261
14057
34582
40090
74353
71420
35037
67549
13466
34714
72404
31498
37984
46072
69280
468
41815
74361
5820
74902
28039
30518
6421
12137
65334
64443
31970
23645
60800
48564
4267
26426
49344
63886
15467
4452
8926
30019
40092
64993
69492
33917
61685
64552
27160
64345
58755
26524
35287
17466
35987
48107
21127
7054
3765
69936
15325
25536
4752
17925
61110
23630
2090
11082
32673
24652
70428
45027
66846
35296
49366
26349
2724
32417
4412
59686
26548
5671
23478
35088
3747
54563
10793
24744
39625
17587
69318
47121
66595
32258
36728
69485
46790
48993
23921
58834
28345
24598
61125
59120
60966
5475
39181
36314
62128
13091
54175
8115
14591
50770
26753
61602
51346
591
62374
55661
74689
5063
9319
55605
14988
36879
15928
26332
73219
9467
45699
61601
25105
35894
60715
60255
73283
27040
71134
16520
37861
23775
36739
36760
20719
41974
14388
29763
59894
13598
5636
38339
21156
51273
6674
57053
5612
34997
20395
47012
23847
67335
69256
32004
59644
65766
60313
43513
14194
53138
46544
73806
34713
25841
58599
35348
14964
68067
68444
621
72804
5281
37591
35058
10626
6073
7555
63237
21619
6490
49610
25098
44946
3669
43043
10763
25458
22836
59190
4328
45913
63842
20271
65203
67949
36845
28795
54803
17951
72893
17869
67430
51203
10053
26458
41322
19534
26899
50829
42078
36486
14427
4754
3602
71034
20197
36861
25952
69882
29733
38264
2559
73464
4265
19492
37799

 
 

